1.54
1.54
1.50
1.50
1.54
1.51
1.51
1.54
1.55
1.51
1.52
1.52
1.56
1.56
1.53
1.54
1.58
1.54
1.55
1.59
1.60
1.58
1.62
1.62
1.63
1.63
1.64
1.64
1.65
1.65
1.66
1.66
1.66
1.66
1.66
1.67
1.67
1.67
1.68
1.68
1.67
1.69
1.69
1.69
1.69
1.69
1.69
1.70
1.69
1.70
1.70
1.70
1.70
1.71
1.71
1.71
1.71
1.71
1.71
1.72
1.72
1.72
1.72
1.73
1.73
1.73
1.74
1.74
1.74
1.74
1.74
1.74
1.74
1.74
1.74
1.75
1.74
1.75
1.76
1.76
1.77
1.78
1.77
1.80
1.80
1.80
1.81
1.82
1.81
1.82
1.82
1.80
1.82
1.81
1.80
1.81
1.81
1.80
1.81
1.81
1.81
1.81
1.80
1.81
1.80
1.80
1.79
1.79
1.78
1.77
1.77
1.75
1.75
1.74
1.72
1.72
1.71
1.69
1.69
1.68
1.67
1.67
1.65
1.64
1.64
1.63
1.62
1.61
1.60
1.59
1.59
1.58
1.58
1.56
1.56
1.55
1.54
1.53
1.53
1.52
1.52
1.51
1.51
1.51
1.50
1.50
1.50
1.50
1.50
1.50
1.50
1.51
1.51
1.52
1.52
1.53
1.54
1.54
1.54
1.55
1.55
1.55
1.55
1.56
1.56
1.56
1.56
1.54
1.55
1.54
1.54
1.55
1.55
1.55
1.55
1.54
1.54
1.55
1.54
1.54
1.54
1.53
1.53
1.49
1.49
1.52
1.52
1.52
1.49
1.49
1.52
1.52
1.49
1.52
1.53
1.49
1.49
1.53
1.53
1.53
1.50
1.50
1.53
1.53
1.50
1.50
