0
0
0
1
1
2
2
3
4
5
6
7
8
9
10
12
13
15
16
18
19
21
23
25
27
29
31
33
34
36
38
40
42
44
46
48
50
52
54
56
58
60
62
64
66
68
69
71
73
75
77
79
81
83
85
87
89
91
93
95
97
99
101
102
104
106
108
110
112
114
116
118
120
122
124
126
128
130
132
134
136
137
139
141
143
145
147
149
151
153
155
157
159
161
163
165
167
169
170
172
174
176
178
180
182
184
186
188
190
192
194
196
198
200
202
204
205
207
209
211
213
215
217
219
221
223
225
227
229
231
233
235
237
238
240
242
244
246
248
250
252
254
256
258
260
262
264
266
268
270
272
273
275
277
279
281
283
285
287
289
291
293
295
297
299
301
303
305
307
308
310
312
314
316
318
320
322
324
326
328
330
332
334
336
338
339
341
343
344
346
347
348
350
351
352
353
354
355
356
356
357
358
358
359
359
359
359
